#DirLights:{ambient},{diffuse},{specular},{pivot},{direction}
D/light1:{0.397059,0.397055,0.397055,1},{1,0.99999,0.99999,1},{0,0,0,64},{0,50,0,10},{0,-1,-1,0}
#PointLights:{ambient},{diffuse},{specular},{position},{attFactors.xyz, range}
P/point1:{0,0,0,1},{0.999999,0.99999,1,1},{0.99999,0.99999,1,64},{10.2,3.5,9.2,0},{0,0,0,21.8}
P/point2:{0,0,0,1},{0.565,0.99999,1,1},{0,2.28882e-05,0.714,64},{12.4,2.4,-11.8,0},{0,0,0.02,21.6}
#SpotLights:{ambient},{diffuse},{specular},{position},{direction},{attFactors.xyz, range},{halfAngle, falloffExponent, -}
S/spot1:{0,0,0,1},{1,1,1,1},{1,1,1,1},{27.9,2.9,16.7,0},{0.5,-0.4,-0.3,0},{0,0.14,0.005,20.8},{0.698132,1,0,0}
S/spot2:{0,0,0,1},{0.99999,0.999999,1,1},{0,0,0.5,64},{24,5.1,-8.9,0},{-1,-0.7,0,0},{0,0,0,35.8},{0.855211,1,0,0}
