#DirLights:{ambient},{diffuse},{specular},{pivot},{direction}
D/light1:{0,0,0,1},{0.70098,0.700973,0.700973,1},{0,0,0,64},{0,50,0,10},{0,-1,-0.7,0}
#PointLights:{ambient},{diffuse},{specular},{position},{attFactors.xyz, range}
P/point1:{0,0,0,1},{0.999999,0.99999,1,1},{0.99999,0.99999,1,44},{33.2,22.9,71.4,0},{0,0,0,19.3}
P/point2:{0,0,0,1},{0.565,0.99999,1,1},{0,2.28882e-05,0.714,64},{-1.9,32,33.2,0},{0,0,0.02,21.6}
#SpotLights:{ambient},{diffuse},{specular},{position},{direction},{attFactors.xyz, range},{halfAngle, falloffExponent, -}
S/spot1:{0,0,0,1},{1,1,1,1},{1,1,1,1},{41.6,28.8,34.3,0},{0,-0.4,0.6,0},{0,0.14,0.005,19.6},{0.593412,1,0,0}
S/spot2:{0,0,0,1},{0,0.941176,1,1},{0,0,0.5,64},{33,30.2,20,0},{0,-0.7,0,0},{0,0,0,35.8},{0.890118,1,0,0}
