wall:{0.000000,0.000000,20.000000},{0.000000,0.785000,0.000000},{10.000000,5.000000,1.000000}
wall2:{10.000000,0.000000,0.000000},{0.000000,1.570000,0.000000},{10.000000,5.000000,1.000000}
