cube:{-5.300000,0.200000,20.000000},{0.000000,-2.355000,0.000000},{5.900000,1.000000,3.900000}
portalA:{16.900000,5.600000,0.000000},{0.000000,0.916000,0.000000},{5.000000,5.000000,1.000000}
portalB:{-2.500000,6.000000,-2.300000},{0.000000,2.093000,0.000000},{5.000000,5.000000,1.000000}
terrain:{-50.000000,-6.500000,-50.000000},{0.000000,0.000000,0.000000},{1.000000,8.800000,1.000000}
wall:{0.000000,0.000000,20.000000},{0.000000,0.785000,0.000000},{10.000000,5.000000,1.000000}
wall2:{10.000000,0.000000,0.000000},{0.000000,1.570000,0.000000},{10.000000,5.000000,1.000000}
