cube:{-5.300000,0.200000,20.000000},{0.000000,-2.355000,0.000000},{5.900000,1.000000,3.900000}
wall:{0.000000,0.000000,20.000000},{0.000000,0.785000,0.000000},{10.000000,5.000000,1.000000}
wall2:{10.000000,0.000000,0.000000},{0.000000,1.570000,0.000000},{10.000000,5.000000,1.000000}
