#DirLights:{ambient},{diffuse},{specular},{pivot},{direction}
D/light1:{0,0,0,1},{1,0,0,1},{0.980392,0.980382,0.980382,32},{0,0,0,10},{-0.7,-0.7,0,0}
D/light2:{0,0,0,1},{0.102273,1,0,1},{9.9999e-07,9.9999e-07,1e-06,1},{0,0,0,10},{0.7,-0.7,0,0}
D/light3:{0,0,0,1},{0,1,1,1},{9.9999e-07,9.9999e-07,1e-06,1},{0,0,0,19.1},{0,-0.2,0.7,0}
